[gd_scene load_steps=7 format=2]

[ext_resource path="res://assets/Character.tscn" type="PackedScene" id=1]
[ext_resource path="res://assets/Character.gd" type="Script" id=2]

[sub_resource type="BoxShape" id=1]

[sub_resource type="CubeMesh" id=2]

[sub_resource type="BoxShape" id=3]
extents = Vector3( 15, 1, 15 )

[sub_resource type="CubeMesh" id=4]
size = Vector3( 30, 2, 30 )

[node name="Level" type="Spatial"]

[node name="Box1" type="RigidBody" parent="."]
editor/display_folded = true
transform = Transform( 0.980864, -0.185264, -0.0598632, 0.194696, 0.933348, 0.301587, 0, -0.307471, 0.951557, -2.82314, 3.71636, 0 )

[node name="CollisionShape" type="CollisionShape" parent="Box1"]
shape = SubResource( 1 )

[node name="MeshInstance" type="MeshInstance" parent="Box1"]
mesh = SubResource( 2 )
material/0 = null

[node name="Box2" type="RigidBody" parent="."]
editor/display_folded = true
transform = Transform( 0.980864, -0.185264, -0.0598632, 0.194696, 0.933348, 0.301587, 0, -0.307471, 0.951557, 4.25459, 5.44409, 0 )

[node name="CollisionShape" type="CollisionShape" parent="Box2"]
shape = SubResource( 1 )

[node name="MeshInstance" type="MeshInstance" parent="Box2"]
mesh = SubResource( 2 )
material/0 = null

[node name="Box3" type="RigidBody" parent="."]
editor/display_folded = true
transform = Transform( 0.750077, -0.629378, -0.203146, 0.648942, 0.641198, 0.40956, -0.127511, -0.439032, 0.889377, -6.73975, 4.50913, 2.77068 )

[node name="CollisionShape" type="CollisionShape" parent="Box3"]
shape = SubResource( 1 )

[node name="MeshInstance" type="MeshInstance" parent="Box3"]
mesh = SubResource( 2 )
material/0 = null

[node name="Camera" type="Camera" parent="."]
transform = Transform( 1, 0, 0, 0, 0.921645, 0.388035, 0, -0.388035, 0.921645, -0.282405, 3.21709, 5.64274 )
fov = 84.7901

[node name="Floor" type="StaticBody" parent="."]
editor/display_folded = true
transform = Transform( 1, 0, 0, 0, 1, 0, 0, 0, 1, 0, -1, 0 )

[node name="CollisionShape" type="CollisionShape" parent="Floor"]
shape = SubResource( 3 )

[node name="MeshInstance" type="MeshInstance" parent="Floor"]
mesh = SubResource( 4 )
material/0 = null

[node name="Character" parent="." instance=ExtResource( 1 )]
transform = Transform( 1, 0, 0, 0, 1, 0, 0, 0, 1, 0, 1.62603, 2.01961 )
script = ExtResource( 2 )
