[gd_scene load_steps=51 format=2]

[ext_resource path="res://assets/map/Graveyard.tscn" type="PackedScene" id=1]
[ext_resource path="res://assets/objects/gems/Coin.tscn" type="PackedScene" id=2]
[ext_resource path="res://assets/item/stuff/pumpkincarved/PumpkinCarved.tscn" type="PackedScene" id=3]
[ext_resource path="res://assets/item/food/pumpkin/Pumpkin.tscn" type="PackedScene" id=4]
[ext_resource path="res://assets/objects/nature/buildings/081TreeFir.tscn" type="PackedScene" id=5]
[ext_resource path="res://assets/objects/nature/rocks/084TreeFir.tscn" type="PackedScene" id=6]
[ext_resource path="res://assets/objects/nature/rocks/085TreeFir.tscn" type="PackedScene" id=7]
[ext_resource path="res://assets/objects/nature/trees/082TreeTrunk.tscn" type="PackedScene" id=8]
[ext_resource path="res://assets/objects/nature/trees/087TreeFir.tscn" type="PackedScene" id=9]
[ext_resource path="res://assets/objects/nature/trees/088TreeFir.tscn" type="PackedScene" id=10]
[ext_resource path="res://assets/objects/nature/trees/089TreeFir.tscn" type="PackedScene" id=11]
[ext_resource path="res://assets/objects/nature/trees/109TreeTrunk.tscn" type="PackedScene" id=12]
[ext_resource path="res://assets/objects/nature/trees/114TreeFir.tscn" type="PackedScene" id=13]
[ext_resource path="res://assets/objects/nature/trees/TreeTrunk.tscn" type="PackedScene" id=14]
[ext_resource path="res://assets/objects/nature/trees/165TreeFirn.tscn" type="PackedScene" id=15]
[ext_resource path="res://assets/objects/nature/trees/062Tree.tscn" type="PackedScene" id=16]
[ext_resource path="res://assets/objects/nature/trees/067TreeBrown.tscn" type="PackedScene" id=17]
[ext_resource path="res://assets/objects/nature/rocks/007Rock.tscn" type="PackedScene" id=18]
[ext_resource path="res://assets/objects/nature/rocks/008Rock.tscn" type="PackedScene" id=19]
[ext_resource path="res://assets/objects/nature/rocks/018Rock.tscn" type="PackedScene" id=20]
[ext_resource path="res://assets/objects/nature/buildings/043Rock.tscn" type="PackedScene" id=21]
[ext_resource path="res://assets/objects/nature/buildings/044Rock.tscn" type="PackedScene" id=22]
[ext_resource path="res://assets/objects/nature/rocks/009Rock.tscn" type="PackedScene" id=23]
[ext_resource path="res://assets/objects/nature/rocks/011RockFlat.tscn" type="PackedScene" id=24]
[ext_resource path="res://assets/objects/nature/rocks/012RockFlat.tscn" type="PackedScene" id=25]
[ext_resource path="res://assets/objects/deco/fire/Fire.tscn" type="PackedScene" id=26]
[ext_resource path="res://assets/objects/nature/buildings/075Tent.tscn" type="PackedScene" id=27]
[ext_resource path="res://assets/objects/nature/buildings/095TentPoles.tscn" type="PackedScene" id=28]
[ext_resource path="res://assets/objects/nature/trees/051Tree.tscn" type="PackedScene" id=29]
[ext_resource path="res://assets/objects/nature/trees/TreeFir52.tscn" type="PackedScene" id=30]
[ext_resource path="res://assets/objects/nature/trees/066TreeBrown.tscn" type="PackedScene" id=31]
[ext_resource path="res://assets/objects/nature/trees/TreeFir053.tscn" type="PackedScene" id=32]
[ext_resource path="res://assets/item/weapon/sword/sword.tscn" type="PackedScene" id=33]
[ext_resource path="res://assets/item/stuff/key/Key.tscn" type="PackedScene" id=34]
[ext_resource path="res://assets/creatures/animals/cow/Cow.tscn" type="PackedScene" id=35]
[ext_resource path="res://assets/creatures/animals/horse/Horse.tscn" type="PackedScene" id=36]
[ext_resource path="res://assets/creatures/animals/chick/Chick.tscn" type="PackedScene" id=37]
[ext_resource path="res://assets/creatures/animals/lama/Lama.tscn" type="PackedScene" id=38]
[ext_resource path="res://assets/creatures/animals/pug/Pug.tscn" type="PackedScene" id=39]
[ext_resource path="res://assets/creatures/animals/sheep/Sheep.tscn" type="PackedScene" id=40]
[ext_resource path="res://assets/creatures/animals/zebra/Zebra.tscn" type="PackedScene" id=41]
[ext_resource path="res://assets/creatures/animals/fox/Fox.tscn" type="PackedScene" id=42]
[ext_resource path="res://assets/creatures/animals/cat/Cat.tscn" type="PackedScene" id=43]
[ext_resource path="res://assets/creatures/animals/dog/Dog.tscn" type="PackedScene" id=44]
[ext_resource path="res://assets/creatures/animals/wolf/Wolf.tscn" type="PackedScene" id=45]
[ext_resource path="res://assets/objects/nature/buildings/046Fence.tscn" type="PackedScene" id=46]
[ext_resource path="res://assets/objects/nature/buildings/047Fence.tscn" type="PackedScene" id=47]
[ext_resource path="res://assets/scenes/FarmHouse.tscn" type="PackedScene" id=48]
[ext_resource path="res://assets/scenes/Castle.tscn" type="PackedScene" id=49]
[ext_resource path="res://assets/item/weapon/club/club.tscn" type="PackedScene" id=50]



[node name="Map" type="Spatial"]

[node name="Graveyard" parent="." instance=ExtResource( 1 )]
transform = Transform( -4.37114e-08, 0, 1, 0, 1, 0, -1, 0, -4.37114e-08, 49.2676, -0.00282967, 35.4893 )
visible = false

[node name="Coins" type="Spatial" parent="."]
editor/display_folded = true
transform = Transform( -0.215273, 0.976499, -0.0104018, -0.90876, -0.196417, 0.368206, 0.35751, 0.0887176, 0.929686, 46.0375, 3.90078, 1.4317 )

[node name="Coin" parent="Coins" instance=ExtResource( 2 )]
transform = Transform( -0.215272, -0.953814, 0.209513, 0.976498, -0.207962, 0.0565862, -0.0104019, 0.216771, 0.976167, 1.66912, -0.454786, -1.00226 )

[node name="Coin2" parent="Coins" instance=ExtResource( 2 )]
transform = Transform( -0.501782, -0.850946, -0.155252, 0.69216, -0.502645, 0.517938, -0.518775, 0.152433, 0.841212, 2.0342, 0.723713, 0.447597 )

[node name="Coin3" parent="Coins" instance=ExtResource( 2 )]
transform = Transform( 0.368759, -0.785657, 0.496747, -8.9407e-08, -0.534409, -0.845225, 0.929525, 0.311684, -0.197069, 2.92264, -4.43302, -3.09944e-06 )

[node name="Fruits" type="Spatial" parent="."]
editor/display_folded = true
transform = Transform( 1, 0, 0, 0, 1, 0, 0, 0, 1, 44.0955, 0, -31.8391 )

[node name="PumpkinCarved" parent="Fruits" instance=ExtResource( 3 )]
transform = Transform( 0.488467, 0.00295536, 0.872577, -0.00605017, 0.999982, 2.56109e-09, -0.872561, -0.00527924, 0.488476, 5.15289, 0.0105126, 5.69697 )

[node name="Pumpkin" parent="Fruits" instance=ExtResource( 4 )]

[node name="DarkForest" type="Spatial" parent="."]
editor/display_folded = true

[node name="TreeFir" parent="DarkForest" instance=ExtResource( 5 )]
transform = Transform( 1, 0, 0, 0, 1, 0, 0, 0, 1, 42.0142, 2.33313, 5.17383 )

[node name="TreeFir2" parent="DarkForest" instance=ExtResource( 6 )]
transform = Transform( 0.707107, 0, -0.707107, 0, 1, 0, 0.707107, 0, 0.707107, 23.9462, 0.625244, 3.17419 )

[node name="TreeFir3" parent="DarkForest" instance=ExtResource( 7 )]
transform = Transform( 1, 0, 0, 0, 1, 0, 0, 0, 1, 34.1797, -0.132507, -4.00757 )

[node name="TreeTrunk" parent="DarkForest" instance=ExtResource( 8 )]
transform = Transform( 1, 0, 0, 0, 1, 0, 0, 0, 1, 41.4985, 2.24487, 15.2485 )

[node name="TreeFir4" parent="DarkForest" instance=ExtResource( 9 )]
transform = Transform( 1, 0, 0, 0, 1, 0, 0, 0, 1, 13.1863, 0.275513, -1.229 )

[node name="TreeFir5" parent="DarkForest" instance=ExtResource( 10 )]
transform = Transform( 1, 0, 0, 0, 1, 0, 0, 0, 1, 17.1863, 0.275513, 6.771 )

[node name="TreeFir6" parent="DarkForest" instance=ExtResource( 11 )]
transform = Transform( 1, 0, 0, 0, 1, 0, 0, 0, 1, 45, 0, 0 )

[node name="TreeFir9" parent="DarkForest" instance=ExtResource( 11 )]
transform = Transform( 0.707107, 0, -0.707107, 0, 1, 0, 0.707107, 0, 0.707107, 31.0076, 2.44189, 17.9844 )

[node name="TreeTrunk2" parent="DarkForest" instance=ExtResource( 12 )]
transform = Transform( 1, 0, 0, 0, 1, 0, 0, 0, 1, 30, 0, -24 )

[node name="TreeFir7" parent="DarkForest" instance=ExtResource( 13 )]
transform = Transform( 1, 0, 0, 0, 1, 0, 0, 0, 1, 47, 1.5343, -12 )

[node name="TreeFir8" parent="DarkForest" instance=ExtResource( 13 )]
transform = Transform( 0.766044, 0, -0.642788, 0, 1, 0, 0.642788, 0, 0.766044, 36.4288, 2.25281, -0.935822 )

[node name="TreeTrunk3" parent="DarkForest" instance=ExtResource( 14 )]
transform = Transform( 1, 0, 0, 0, 1, 0, 0, 0, 1, 45.5996, 2.12659, 21 )

[node name="TreeFirn" parent="DarkForest" instance=ExtResource( 15 )]
transform = Transform( 1, 0, 0, 0, 1, 0, 0, 0, 1, 50, 0, 13 )

[node name="TreeFirn2" parent="DarkForest" instance=ExtResource( 15 )]
transform = Transform( 0.906308, 0, -0.422618, 0, 1, 0, 0.422618, 0, 0.906308, 50, 0, -17 )

[node name="Tree4" parent="." instance=ExtResource( 16 )]
transform = Transform( 1, 0, 0, 0, 1, 0, 0, 0, 1, -25.1094, 1.12524, 0 )

[node name="Tree6" parent="." instance=ExtResource( 17 )]
transform = Transform( 1, 0, 0, 0, 1, 0, 0, 0, 1, -20.0513, 0.444946, -13.8994 )

[node name="Rocks" type="Spatial" parent="."]
editor/display_folded = true

[node name="Rock" parent="Rocks" instance=ExtResource( 18 )]
transform = Transform( 1, 0, 0, 0, 1, 0, 0, 0, 1, -23.1538, -1.0769, 8.83105 )

[node name="Rock2" parent="Rocks" instance=ExtResource( 19 )]
transform = Transform( 1, 0, 0, 0, 1, 0, 0, 0, 1, -35.2969, -0.976562, 10.7222 )

[node name="Rock14" parent="Rocks" instance=ExtResource( 20 )]
transform = Transform( 2, 0, 0, 0, 2, 0, 0, 0, 2, -31.6904, -0.693848, 11.6235 )

[node name="Rock3" parent="Rocks" instance=ExtResource( 21 )]
transform = Transform( 2, 0, 0, 0, 2, 0, 0, 0, 2, -50.1196, 0, 13.3735 )

[node name="Rock4" parent="Rocks" instance=ExtResource( 22 )]
transform = Transform( 2, 0, 0, 0, 2, 0, 0, 0, 2, -45.7285, 0, 14.2046 )

[node name="Rock5" parent="Rocks" instance=ExtResource( 18 )]
transform = Transform( 2, 0, 0, 0, 2, 0, 0, 0, 2, -37.1558, -0.694336, 6.43555 )

[node name="Rock6" parent="Rocks" instance=ExtResource( 23 )]
transform = Transform( 2, 0, 0, 0, 2, 0, 0, 0, 2, -38.9688, -1.02808, 18.5562 )

[node name="Rock7" parent="Rocks" instance=ExtResource( 24 )]
transform = Transform( 2, 0, 0, 0, 2, 0, 0, 0, 2, -58.4824, 0, 10.2109 )

[node name="Rock8" parent="Rocks" instance=ExtResource( 25 )]
transform = Transform( 2, 0, 0, 0, 2, 0, 0, 0, 2, -62.4424, 0, 8.48242 )

[node name="Camp" type="Spatial" parent="."]
transform = Transform( 1, 0, 0, 0, 1, 0, 0, 0, 1, 33.1443, 1.6311, -17.1658 )

[node name="Fire" parent="Camp" instance=ExtResource( 26 )]
transform = Transform( 1, 0, 0, 0, 1, 0, 0, 0, 1, -0.5687, 0.00321585, -1 )

[node name="Tent" parent="Camp" instance=ExtResource( 27 )]
transform = Transform( 0.849924, 0, -0.526905, 0, 1, 0, 0.526905, 0, 0.849924, -6.68093, -0.0717239, 4.74615 )

[node name="TentPoles" parent="Camp" instance=ExtResource( 28 )]
transform = Transform( 0.774538, 0, 0.632527, 0, 1, 0, -0.632527, 0, 0.774538, 4.42067, -0.303402, 7.75313 )

[node name="Tree" parent="Camp" instance=ExtResource( 29 )]
transform = Transform( 1, 0, 0, 0, 1, 0, 0, 0, 1, 7.1582, -0.489685, 0.0122013 )

[node name="Tree2" parent="Camp" instance=ExtResource( 30 )]
transform = Transform( 1, 0, 0, 0, 1, 0, 0, 0, 1, 9.8081, -0.697754, -3.4404 )

[node name="Tree5" parent="Camp" instance=ExtResource( 31 )]
transform = Transform( -0.212454, 0, 0.977171, 0, 1, 0, -0.977171, 0, -0.212454, -9.0943, 0.0358889, 4.5657 )

[node name="Tree3" parent="Camp" instance=ExtResource( 32 )]
transform = Transform( 1, 0, 0, 0, 1, 0, 0, 0, 1, 8.2563, -0.564941, 3.6323 )

[node name="TreeTrunk" parent="Camp" instance=ExtResource( 8 )]
transform = Transform( 1, 0, 0, 0, 1, 0, 0, 0, 1, 2.95116, -0.280518, -3.67331 )

[node name="Sword" parent="Camp" instance=ExtResource( 33 )]
transform = Transform( 0.996931, -0.0412767, -0.0665243, 0.061205, -0.118939, 0.991013, -0.048818, -0.992043, -0.116047, -2.05322, 0.239758, -1.51868 )
slot = "offhand"

[node name="Key" parent="Camp" instance=ExtResource( 34 )]
transform = Transform( 0.325726, -0.945464, 0, 0.945464, 0.325726, 0, 0, 0, 1, 0.259129, 0.0842714, 0.314848 )
item_id = "5"

[node name="Ground" type="Spatial" parent="."]
transform = Transform( 1.58662, 0, 0, 0, 1, 0, 0, 0, 1.44454, 0, -1.38243, 0 )

[node name="Farm" type="Spatial" parent="."]
transform = Transform( 1, 0, 0, 0, 1, 0, 0, 0, 1, -29, 1.49365, 35.4031 )

[node name="Animals" type="Spatial" parent="Farm"]
editor/display_folded = true
transform = Transform( 1, 0, 0, 0, 1, 0, 0, 0, 1, 2.18726, 0, 4.59912 )

[node name="Cow" parent="Farm/Animals" instance=ExtResource( 35 )]
transform = Transform( 1, 0, 0, 0, 1, 0, 0, 0, 1, -0.567802, 0, -2.26423 )

[node name="Horse" parent="Farm/Animals" instance=ExtResource( 36 )]
transform = Transform( 0.709303, 0, -0.704903, 0, 1, 0, 0.704903, 0, 0.709303, 0.126297, 0.206543, 1.76096 )

[node name="Chick" parent="Farm/Animals" instance=ExtResource( 37 )]
transform = Transform( 0.999994, -0.00197435, 0.0028871, 0.00203432, 0.999779, -0.0209167, -0.00284517, 0.0209224, 0.999777, 3.0372, 0.343078, -1.38478 )
creature_name = "Huhn"

[node name="Chick2" parent="Farm/Animals" instance=ExtResource( 37 )]
transform = Transform( -0.562433, -0.00197437, 0.826841, 0.0161893, 0.999779, 0.0133996, -0.826685, 0.0209223, -0.562277, -7.29269, 0.492994, -9.52331 )
creature_name = "Huhn"

[node name="Lama" parent="Farm/Animals" instance=ExtResource( 38 )]
transform = Transform( 0.655808, 0, 0.754928, 0, 1, 0, -0.754928, 0, 0.655808, 0, 0, 3.81799 )

[node name="Pug" parent="Farm/Animals" instance=ExtResource( 39 )]
transform = Transform( 1, 0, 0, 0, 1, 0, 0, 0, 1, 2.52832, 0, 1.33972 )

[node name="Sheep" parent="Farm/Animals" instance=ExtResource( 40 )]
transform = Transform( -0.910914, 0, -0.412595, 0, 1, 0, 0.412595, 0, -0.910914, 4.50195, 0, 0 )

[node name="Zebra" parent="Farm/Animals" instance=ExtResource( 41 )]
transform = Transform( -0.650291, 0, 0.759686, 0, 1, 0, -0.759686, 0, -0.650291, 1.67565, 0, 6.22756 )

[node name="Fox" parent="Farm/Animals" instance=ExtResource( 42 )]
transform = Transform( -0.0157025, 0, 0.999877, 0, 1, 0, -0.999877, 0, -0.0157025, -2.65381, 0.316937, 0 )

[node name="Cat" parent="Farm/Animals" instance=ExtResource( 43 )]

[node name="Dog" parent="Farm/Animals" instance=ExtResource( 44 )]
transform = Transform( 0.179569, 0, 0.983745, 0, 1, 0, -0.983745, 0, 0.179569, -2.88843, 0, 5.32129 )

[node name="Wolf" parent="Farm/Animals" instance=ExtResource( 45 )]
transform = Transform( 0.49106, 0, 0.871126, 0, 1, 0, -0.871126, 0, 0.49106, 3.48827, 0, 3.60771 )

[node name="Fences" type="Spatial" parent="Farm"]
editor/display_folded = true

[node name="Fence" parent="Farm/Fences" instance=ExtResource( 46 )]
transform = Transform( -1, 0, -1.50996e-07, 0, 1, 0, 1.50996e-07, 0, -1, 3.01125, 0, -0.19791 )

[node name="Fence7" parent="Farm/Fences" instance=ExtResource( 46 )]
transform = Transform( 1, 0, 2.38419e-07, 0, 1, 0, -2.38419e-07, 0, 1, 2.82214, 0, 14.0305 )

[node name="Fence2" parent="Farm/Fences" instance=ExtResource( 46 )]
transform = Transform( -1, 0, -1.50996e-07, 0, 1, 0, 1.50996e-07, 0, -1, 5.80593, 0, -0.19791 )

[node name="Fence10" parent="Farm/Fences" instance=ExtResource( 46 )]
transform = Transform( 1, 0, 2.38419e-07, 0, 1, 0, -2.38419e-07, 0, 1, 0.00163269, 0, 14.0305 )

[node name="Fence5" parent="Farm/Fences" instance=ExtResource( 46 )]
transform = Transform( -4.37114e-08, 0, -1, 0, 1, 0, 1, 0, -4.37114e-08, -2.79826, 0, 2.5901 )

[node name="Fence11" parent="Farm/Fences" instance=ExtResource( 46 )]
transform = Transform( -4.37114e-08, 0, -1, 0, 1, 0, 1, 0, -4.37114e-08, -2.79826, 0, 5.39531 )

[node name="Fence14" parent="Farm/Fences" instance=ExtResource( 46 )]
transform = Transform( -4.37114e-08, 0, -1, 0, 1, 0, 1, 0, -4.37114e-08, -2.79826, 0, 8.22502 )

[node name="Fence6" parent="Farm/Fences" instance=ExtResource( 46 )]
transform = Transform( -4.37114e-08, 0, 1, 0, 1, 0, -1, 0, -4.37114e-08, 8.61452, 0, 5.59927 )

[node name="Fence12" parent="Farm/Fences" instance=ExtResource( 46 )]
transform = Transform( -4.37114e-08, 0, 1, 0, 1, 0, -1, 0, -4.37114e-08, 8.61452, 0, 8.4108 )

[node name="Fence13" parent="Farm/Fences" instance=ExtResource( 46 )]
transform = Transform( -4.37114e-08, 0, 1, 0, 1, 0, -1, 0, -4.37114e-08, 8.61452, 0, 11.2177 )

[node name="Fence3" parent="Farm/Fences" instance=ExtResource( 47 )]
transform = Transform( -1, 0, -1.50996e-07, 0, 1, 0, 1.50996e-07, 0, -1, 0.197105, 0.0076474, -0.206837 )

[node name="Fence4" parent="Farm/Fences" instance=ExtResource( 47 )]
transform = Transform( -4.37114e-08, 0, 1, 0, 1, 0, -1, 0, -4.37114e-08, 8.60619, 0.0076474, 2.79887 )

[node name="Fence8" parent="Farm/Fences" instance=ExtResource( 47 )]
transform = Transform( 1, 0, 1.06581e-14, 0, 1, 0, -1.06581e-14, 0, 1, 5.61718, 0.0076474, 14.0281 )

[node name="Fence9" parent="Farm/Fences" instance=ExtResource( 47 )]
transform = Transform( -4.37114e-08, 0, -1, 0, 1, 0, 1, 0, -4.37114e-08, -2.77516, 0.0076474, 11.0479 )

[node name="FarmHouse" parent="Farm" instance=ExtResource( 48 )]
transform = Transform( 3, 0, 0, 0, 3, 0, 0, 0, 3, -9, 0, 4 )

[node name="Castle" type="Spatial" parent="."]
transform = Transform( 1, 0, 0, 0, 1, 0, 0, 0, 1, -48.3967, 0, -32.7582 )

[node name="Castle2" parent="." instance=ExtResource( 49 )]
editor/display_folded = true
transform = Transform( 1, 0, 0, 0, 1, 0, 0, 0, 1, 20.9459, -2, -271.681 )

[node name="Tree5" parent="Castle2" instance=ExtResource( 16 )]
transform = Transform( 1, 0, 0, 0, 1, 0, 0, 0, 1, -10.1245, 1.38916, 29.6499 )

[node name="Club" parent="." instance=ExtResource( 50 )]
transform = Transform( 1, 0, 0, 0, 0.302728, -0.953077, 0, 0.953077, 0.302728, 20.5005, 6.04822, -7.32674 )

[node name="OmniLight" type="OmniLight" parent="."]
transform = Transform( 1, 0, 0, 0, 0.947519, 0.319699, 0, -0.319699, 0.947519, 0, 41.0836, 0 )
visible = false
